2 0 0 1500
2 0 0 1500
2 0 0 1500
2 0 0 1500
2.00001 0 0 1500
2.00001 0 0 1500
2.00001 0 0 1500
2.00001 0 0 1500
2.00001 0 0 1500
2.00001 0 0 1500
2.00005 0 0 1500
2.00005 0 0 1500
2.00005 0 0 1500
2.00006 0 0 1500
2.00012 0 0 1500
2.00013 0 0 1500
2.00013 0 0 1500
2.00013 0 0 1500
2.00013 0 0 1500
2.00013 0 0 1500
2.00013 0 0 1500
2.00013 0 0 1500
2.00013 0 0 1500
2.00013 0 0 1500
2.00014 0 0 1500
2.00014 0 0 1500
2.00014 0 0 1500
2.00014 0 0 1500
2.00014 0 0 1500
2.00014 0 0 1500
2.00014 0 0 1500
2.00023 0 0 1500
2.00024 0 0 1500
2.00025 0 0 1500
2.00025 0 0 1500
2.00025 0 0 1500
2.00025 0 0 1500
2.00026 0 0 1500
2.00026 0 0 1500
2.00026 0 0 1500
2.00026 0 0 1500
2.00027 0 0 1500
2.00027 0 0 1500
2.00027 0 0 1500
2.00027 0 0 1500
2.00027 0 0 1500
2.00027 0 0 1500
2.00027 0 0 1500
2.00027 0 0 1500
2.00028 0 0 1500
2.00028 0 0 1500
2.00028 0 0 1500
2.00028 0 0 1500
2.00028 0 0 1500
2.00028 0 0 1500
2.00028 0 0 1500
2.00028 0 0 1500
2.00029 0 0 1500
2.00029 0 0 1500
2.00029 0 0 1500
2.00029 0 0 1500
2.00029 0 0 1500
2.00029 0 0 1500
2.00043 0 0 1500
2.00043 0 0 1500
2.00043 0 0 1500
2.00043 0 0 1500
2.00045 0 0 1500
2.00045 0 0 1500
2.00045 0 0 1500
2.00045 0 0 1500
2.00045 0 0 1500
2.00046 0 0 1500
2.00046 0 0 1500
2.00046 0 0 1500
2.00046 0 0 1500
2.00046 0 0 1500
2.00046 0 0 1500
2.00046 0 0 1500
2.00046 0 0 1500
2.00047 0 0 1500
2.00047 0 0 1500
2.00047 0 0 1500
2.00047 0 0 1500
2.00047 0 0 1500
2.00047 0 0 1500
2.00047 0 0 1500
2.00047 0 0 1500
2.00048 0 0 1500
2.00048 0 0 1500
2.00048 0 0 1500
2.00048 0 0 1500
2.00048 0 0 1500
2.00048 0 0 1500
2.00048 0 0 1500
2.00048 0 0 1500
2.00049 0 0 1500
2.00049 0 0 1500
2.00049 0 0 1500
2.00049 0 0 1500
