0 2.0 -1 -1 70 -1 -1 0 15
1 2.0 -1 -1 70 -1 -1 1 15
2 2.0 -1 -1 70 -1 -1 2 15
3 2.0 -1 -1 70 -1 -1 3 15
4 2.0 -1 -1 70 -1 -1 4 15
5 2.0 -1 -1 70 -1 -1 5 15
6 3.0 -1 -1 70 -1 -1 0 15
7 3.0 -1 -1 70 -1 -1 1 15
8 3.0 -1 -1 70 -1 -1 2 15
9 3.0 -1 -1 70 -1 -1 3 15
10 3.0 -1 -1 70 -1 -1 4 15
11 3.0 -1 -1 70 -1 -1 5 15
12 4.0 -1 -1 70 -1 -1 0 15
13 4.0 -1 -1 70 -1 -1 1 15
14 4.0 -1 -1 70 -1 -1 2 15
15 4.0 -1 -1 70 -1 -1 3 15
16 4.0 -1 -1 70 -1 -1 4 15
17 4.0 -1 -1 70 -1 -1 5 15
18 5.0 -1 -1 70 -1 -1 0 15
19 5.0 -1 -1 70 -1 -1 1 15
20 5.0 -1 -1 70 -1 -1 2 15
21 5.0 -1 -1 70 -1 -1 3 15
22 5.0 -1 -1 70 -1 -1 4 15
23 5.0 -1 -1 70 -1 -1 5 15
