1   2.0   -1 -1  100   -1 -1  129   15
2   2.0   -1 -1  100   -1 -1  129   15
3   2.0   -1 -1  100   -1 -1  56   15
4   2.0   -1 -1  100   -1 -1  45   15
5   2.0   -1 -1  100   -1 -1  10   15
6   2.0   -1 -1  100   -1 -1  67   15
7   2.0   -1 -1  100   -1 -1  37   15
8   2.0   -1 -1  100   -1 -1  38   15
9   2.0   -1 -1  100   -1 -1  26   15
10   2.0   -1 -1  100   -1 -1  58   15
11   2.0   -1 -1  100   -1 -1  10   15
12   2.0   -1 -1  100   -1 -1  13   15
13   2.0   -1 -1  100   -1 -1  39   15
14   2.0   -1 -1  100   -1 -1  62   15
15   2.0   -1 -1  100   -1 -1  68   15
16   2.0   -1 -1  100   -1 -1  78   15
17   2.0   -1 -1  100   -1 -1  47   15
18   2.0   -1 -1  100   -1 -1  121   15
19   2.0   -1 -1  100   -1 -1  48   15
20   2.0   -1 -1  100   -1 -1  78   15
21   2.0   -1 -1  100   -1 -1  8   15
22   2.0   -1 -1  100   -1 -1  102   15
23   2.0   -1 -1  100   -1 -1  71   15
24   2.0   -1 -1  100   -1 -1  113   15
25   2.0   -1 -1  100   -1 -1  14   15
26   2.0   -1 -1  100   -1 -1  26   15
27   2.0   -1 -1  100   -1 -1  135   15
28   2.0   -1 -1  100   -1 -1  134   15
29   2.0   -1 -1  100   -1 -1  24   15
30   2.0   -1 -1  100   -1 -1  128   15
31   2.0   -1 -1  100   -1 -1  75   15
32   2.0   -1 -1  100   -1 -1  53   15
33   2.0   -1 -1  100   -1 -1  22   15
34   2.0   -1 -1  100   -1 -1  90   15
35   2.0   -1 -1  100   -1 -1  29   15
36   2.0   -1 -1  100   -1 -1  116   15
37   2.0   -1 -1  100   -1 -1  37   15
38   2.0   -1 -1  100   -1 -1  62   15
39   2.0   -1 -1  100   -1 -1  65   15
40   2.0   -1 -1  100   -1 -1  22   15
